prime 139 factorization {2: 1, 3: 1, 23: 1} order10 46 QR10 -1
prime 223 factorization {2: 1, 3: 1, 37: 1} order10 222 QR10 -1
prime 137 factorization {2: 3, 17: 1} order10 8 QR10 -1
density 0.37395517661887057 rounded6 0.373955
density 0.37395434423564655 rounded6 0.373954
family threshold 200 n 47 min/max 0.3859128021971324 1.0
[(129, 1775686, 1.0), (130, 3064341, 0.9750928699231128), (131, 1714657, 0.9201570745006981), (137, 665100, 0.6670434383796173), (138, 1052587, 0.6519360409497046), (139, 467273, 0.6153854396188391), (145, 405976, 0.7495878944415184), (146, 633165, 0.7311298725473843), (147, 272123, 0.6925883202398034), (153, 154440, 0.5231167146801862), (154, 214909, 0.5056109796114066), (155, 67332, 0.48316003145982317), (161, 230364, 0.8324005390618574), (162, 353705, 0.8121716753990468), (163, 144159, 0.7643650056812505), (169, 88399, 0.5702328705914714), (170, 119433, 0.5567353236581132), (171, 34971, 0.5200378082004496), (177, 53817, 0.6345811718494261), (178, 71673, 0.6222152557473362), (179, 20102, 0.5875606470815711), (185, 21330, 0.454147734619793), (186, 23260, 0.434121446009643), (187, 3991, 0.4215916459623987), (193, 190398, 0.8579673583374307), (194, 289606, 0.8345124195028318), (195, 115834, 0.7819174217668511), (201, 73142, 0.5831077304828202), (202, 97340, 0.5704615162842608), (203, 28081, 0.5360966667847681), (209, 44501, 0.6493329385881808), (210, 58657, 0.6379756729525848), (211, 15873, 0.6016218892750221), (217, 17652, 0.4648541799421405), (218, 18928, 0.44892956045975735), (219, 3190, 0.4568161224464918), (225, 25510, 0.713194398554231), (226, 32744, 0.7045384301904263), (227, 8118, 0.657697730018535), (233, 10107, 0.52238091829251), (234, 10490, 0.47693112065129456), (235, 1554, 0.46367779166425366), (241, 6177, 0.5766812586758591), (242, 6121, 0.5395972061324544), (243, 864, 0.5161583228476618), (249, 2542, 0.3859128021971324), (250, 1775, 0.4088869374656054)]
family threshold 5000 n 41 min/max 0.434121446009643 1.0
[(129, 1775686, 1.0), (130, 3064341, 0.9750928699231128), (131, 1714657, 0.9201570745006981), (137, 665100, 0.6670434383796173), (138, 1052587, 0.6519360409497046), (139, 467273, 0.6153854396188391), (145, 405976, 0.7495878944415184), (146, 633165, 0.7311298725473843), (147, 272123, 0.6925883202398034), (153, 154440, 0.5231167146801862), (154, 214909, 0.5056109796114066), (155, 67332, 0.48316003145982317), (161, 230364, 0.8324005390618574), (162, 353705, 0.8121716753990468), (163, 144159, 0.7643650056812505), (169, 88399, 0.5702328705914714), (170, 119433, 0.5567353236581132), (171, 34971, 0.5200378082004496), (177, 53817, 0.6345811718494261), (178, 71673, 0.6222152557473362), (179, 20102, 0.5875606470815711), (185, 21330, 0.454147734619793), (186, 23260, 0.434121446009643), (193, 190398, 0.8579673583374307), (194, 289606, 0.8345124195028318), (195, 115834, 0.7819174217668511), (201, 73142, 0.5831077304828202), (202, 97340, 0.5704615162842608), (203, 28081, 0.5360966667847681), (209, 44501, 0.6493329385881808), (210, 58657, 0.6379756729525848), (211, 15873, 0.6016218892750221), (217, 17652, 0.4648541799421405), (218, 18928, 0.44892956045975735), (225, 25510, 0.713194398554231), (226, 32744, 0.7045384301904263), (227, 8118, 0.657697730018535), (233, 10107, 0.52238091829251), (234, 10490, 0.47693112065129456), (241, 6177, 0.5766812586758591), (242, 6121, 0.5395972061324544)]
excluded p 2 base10Artin False
excluded p 3 base10Artin False
excluded p 5 base10Artin False
93,97 removal 92.54109634881584 96.6526298300055
